34,5
34,4
34,3
34,2
34,1
34,0
33,5
33,4
33,3
33,2
33,1
33,0
32,4
32,3
32,2
32,1
32,0
31,6
31,5
31,4
31,3
31,2
31,1
31,0
30,8
30,7
30,6
30,5
30,4
30,3
30,2
30,1
30,0
29,6
29,5
29,4
29,3
29,2
29,1
29,0
28,5
28,4
28,3
28,2
28,1
28,0
27,5
27,4
27,3
27,2
27,1
27,0
26,5
26,4
26,3
26,2
26,1
26,0
25,5
25,4
25,3
25,2
25,1
25,0
24,4
24,3
24,2
24,1
24,0
23,119
23,118
23,117
23,116
23,115
23,114
23,113
23,112
23,111
23,110
23,109
23,108
23,107
23,106
23,105
23,104
23,103
23,102
23,101
23,100
23,99
23,98
23,97
23,96
23,95
23,94
23,93
23,92
23,91
23,90
23,89
23,88
23,87
23,86
23,85
23,84
23,83
23,82
23,81
23,80
23,79
23,78
23,77
23,76
23,75
23,74
23,73
23,72
23,71
23,70
23,69
23,68
23,67
23,66
23,65
23,64
23,39
23,38
23,37
23,36
23,35
23,34
23,33
23,32
23,31
23,30
23,29
23,28
23,27
23,26
23,25
23,24
23,23
23,22
23,21
23,20
23,19
23,18
23,17
23,16
23,15
23,14
23,13
23,12
23,11
23,10
23,9
23,8
23,7
23,6
23,5
23,4
23,3
23,2
23,1
23,0
22,10
22,9
22,8
22,7
22,6
22,5
22,4
22,3
22,2
22,1
22,0
21,102
21,101
21,100
21,99
21,98
21,97
21,96
21,95
21,94
21,93
21,92
21,91
21,90
21,89
21,88
21,87
21,86
21,85
21,84
21,83
21,82
21,81
21,80
21,79
21,78
21,77
21,76
21,75
21,74
21,73
21,72
21,71
21,70
21,69
21,68
21,67
21,66
21,65
21,64
21,37
21,36
21,35
21,34
21,33
21,32
21,31
21,30
21,29
21,28
21,27
21,26
21,25
21,24
21,23
21,22
21,21
21,20
21,19
21,18
21,17
21,16
21,15
21,14
21,13
21,12
21,11
21,10
21,9
21,8
21,7
21,6
21,5
21,4
21,3
21,2
21,1
21,0
20,4
20,3
20,2
20,1
20,0
19,3
19,2
19,1
19,0
18,8
18,7
18,6
18,5
18,4
18,3
18,2
18,1
18,0
17,5
17,4
17,3
17,2
17,1
17,0
2,6
2,5
2,4
2,3
2,2
2,0
1,3
0,408
0,390
0,322
0,320
0,319
0,308
0,307
0,243
0,12
0,10
0,9
0,8
0,0
0,1
0,433
0,300
0,432
0,299
0,431
0,298
0,430
0,297
0,429
0,296
0,428
0,295
0,427
0,294
0,426
0,293
0,425
0,292
0,424
0,291
0,423
0,290
0,422
0,289
0,421
0,288
0,420
0,287
0,419
0,286
4,3
4,2
4,1
4,0
3,6
3,5
3,4
3,3
3,2
3,1
3,0
1,2
1,1
1,0
0,418
0,285
0,417
0,284
0,416
0,283
0,415
0,282
0,414
0,281
0,413
0,280
0,412
0,279
0,411
0,278
0,410
0,277
0,409
0,276
0,407
0,310
0,305
0,304
0,303
0,302
2,1
0,275
0,406
0,274
0,405
0,273
0,404
0,272
0,403
0,271
0,402
0,270
0,401
0,269
0,400
0,268
0,399
0,267
0,398
0,266
0,397
0,265
0,396
0,264
0,395
0,263
0,394
0,262
0,393
0,261
0,392
0,260
0,391
0,259
0,258
0,389
0,257
0,388
0,256
0,387
0,255
0,386
0,254
0,385
0,253
0,384
0,252
0,383
0,251
0,382
0,250
0,381
0,249
0,380
0,248
0,379
0,247
0,378
0,246
0,377
0,245
0,376
0,244
0,375
0,242
0,374
0,241
0,373
0,240
0,372
0,239
0,371
0,238
0,370
0,237
0,369
0,236
0,368
0,235
0,367
0,234
0,366
0,233
0,365
0,232
0,364
0,231
0,363
0,230
0,362
0,229
0,361
0,228
0,360
0,227
0,359
0,226
0,358
0,225
0,357
0,224
0,356
0,223
0,355
0,222
0,354
0,221
0,353
0,220
0,352
0,219
0,351
0,218
0,350
0,217
0,436
0,216
0,435
0,215
0,434
0,214
0,349
0,213
0,348
0,212
0,347
0,211
0,437
0,210
0,346
0,209
0,345
0,208
0,344
0,207
0,343
0,206
0,342
0,205
0,341
0,204
0,340
0,203
0,339
0,202
0,338
0,201
0,337
0,200
0,336
0,199
0,335
0,198
0,334
0,197
0,333
0,196
0,332
0,195
0,331
0,194
0,330
0,193
0,329
0,192
0,328
0,63
0,327
0,62
0,326
0,61
0,325
0,60
0,324
0,59
0,323
0,58
0,321
0,57
0,56
0,55
0,318
0,54
0,317
0,53
0,316
0,52
0,315
0,51
0,314
0,50
0,313
0,49
0,312
0,48
0,311
0,47
0,309
0,46
0,306
0,45
0,301
0,6
0,5
0,11
0,4
0,2
0,3
0,7
